500, 0.0032, 0.5003619194030762
500, 0.0032, 0.5003619194030762
500, 0.0032, 0.5059877038002014
500, 0.0032, 0.5025228261947632
500, 0.0032, 0.5003619194030762
500, 0.0032, 0.5003619194030762
500, 0.0032, 0.5003619194030762
500, 0.0032, 0.5003619194030762
500, 0.0032, 0.5003619194030762
500, 0.0032, 0.5003619194030762
500, 0.0032, 0.5003619194030762
500, 0.0032, 0.5003619194030762
500, 0.0032, 0.5003619194030762
500, 0.0032, 0.5003619194030762
500, 0.0032, 0.5003619194030762
500, 0.0032, 0.5003619194030762
500, 0.0032, 0.5003619194030762
500, 0.0032, 0.5003619194030762
500, 0.0032, 0.5046648979187012
500, 0.0032, 0.5048057436943054
500, 0.0032, 0.5003619194030762
500, 0.0032, 0.5003619194030762
500, 0.0032, 0.5003619194030762
500, 0.0032, 0.5003619194030762
500, 0.0032, 0.5003619194030762
500, 0.0032, 0.5003619194030762
500, 0.0032, 0.5003619194030762
500, 0.0032, 0.5003619194030762
500, 0.0032, 0.500361979007721
500, 0.0032, 0.5003619194030762
500, 0.0032, 0.5003619194030762
500, 0.0032, 0.5003619194030762
500, 0.0032, 0.5003619194030762
500, 0.0032, 0.5003619194030762
500, 0.0032, 0.5003619194030762
500, 0.0032, 0.5003622174263
500, 0.0032, 0.5003619194030762
500, 0.0032, 0.5003619194030762
500, 0.0032, 0.5003619194030762
500, 0.0032, 0.5003619194030762
500, 0.0032, 0.5012731552124023
500, 0.0032, 0.5003619194030762
500, 0.0032, 0.5003619194030762
500, 0.0032, 0.5003619194030762
500, 0.0032, 0.5003619194030762
500, 0.0032, 0.5003619194030762
500, 0.0032, 0.5003619194030762
500, 0.0032, 0.5003619194030762
500, 0.0032, 0.5003619194030762
500, 0.0032, 0.5003619194030762
500, 0.0032, 0.5003619194030762
500, 0.0032, 0.5003619194030762
500, 0.0032, 0.5003619194030762
500, 0.0032, 0.5003619194030762
500, 0.0032, 0.5003619194030762
500, 0.0032, 0.5003619194030762
500, 0.0032, 0.5003619194030762
500, 0.0032, 0.5003619194030762
500, 0.0032, 0.5003619194030762
500, 0.0032, 0.5003619194030762
500, 0.0032, 0.5003619194030762
500, 0.0032, 0.5003619194030762
500, 0.0032, 0.5003619194030762
500, 0.0032, 0.5003619194030762
500, 0.0032, 0.5003619194030762
500, 0.0032, 0.501053512096405
500, 0.0032, 0.5003619194030762
500, 0.0032, 0.5003619194030762
500, 0.0032, 0.5003619194030762
500, 0.0032, 0.5003619194030762
500, 0.0032, 0.5003619194030762
500, 0.0032, 0.5003619194030762
500, 0.0032, 0.5003619194030762
500, 0.0032, 0.5003619194030762
500, 0.0032, 0.5003619194030762
500, 0.0032, 0.5003619194030762
500, 0.0032, 0.5003619194030762
500, 0.0032, 0.5003619194030762
500, 0.0032, 0.5003619194030762
500, 0.0032, 0.5003619194030762
500, 0.0032, 0.5003619194030762
500, 0.0032, 0.5003619194030762
500, 0.0032, 0.5003619194030762
500, 0.0032, 0.5003619194030762
500, 0.0032, 0.5003619194030762
500, 0.0032, 0.5003619194030762
500, 0.0032, 0.5003619194030762
500, 0.0032, 0.5003619194030762
500, 0.0032, 0.5003619194030762
500, 0.0032, 0.5003619194030762
500, 0.0032, 0.5003619194030762
500, 0.0032, 0.5003619194030762
500, 0.0032, 0.5003619194030762
500, 0.0032, 0.5003619194030762
500, 0.0032, 0.5003619194030762
500, 0.0032, 0.5003619194030762
500, 0.0032, 0.5003619194030762
500, 0.0032, 0.5003619194030762
500, 0.0032, 0.5003619194030762
500, 0.0032, 0.5003619194030762
500, 0.0032, 0.5003619194030762
500, 0.0032, 0.5003619194030762
500, 0.0032, 0.5003619194030762
500, 0.0032, 0.5003619194030762
500, 0.0032, 0.5003619194030762
500, 0.0032, 0.5003619194030762
500, 0.0032, 0.5003619194030762
500, 0.0032, 0.5003612041473389
500, 0.0032, 0.5003619194030762
500, 0.0032, 0.5003619194030762
500, 0.0032, 0.5030899047851562
500, 0.0032, 0.5006261467933655
500, 0.0032, 0.5003620982170105
500, 0.0032, 0.5003619194030762
500, 0.0032, 0.5003619194030762
500, 0.0032, 0.5003619194030762
500, 0.0032, 0.5003619194030762
500, 0.0032, 0.5003619194030762
500, 0.0032, 0.5003619194030762
500, 0.0032, 0.5003619194030762
500, 0.0032, 0.5003619194030762
500, 0.0032, 0.5003619194030762
500, 0.0032, 0.5003619194030762
500, 0.0032, 0.5003619194030762
500, 0.0032, 0.5003619194030762
500, 0.0032, 0.5003619194030762
500, 0.0032, 0.5003619194030762
500, 0.0032, 0.5003619194030762
500, 0.0032, 0.5003619194030762
500, 0.0032, 0.5003619194030762
500, 0.0032, 0.5003619194030762
500, 0.0032, 0.5003619194030762
500, 0.0032, 0.5003619194030762
500, 0.0032, 0.5003619194030762
500, 0.0032, 0.5003619194030762
500, 0.0032, 0.5003619194030762
500, 0.0032, 0.5003619194030762
500, 0.0032, 0.5003619194030762
500, 0.0032, 0.5003619194030762
500, 0.0032, 0.5003619194030762
500, 0.0032, 0.5003619194030762
500, 0.0032, 0.5003619194030762
500, 0.0032, 0.5003619194030762
500, 0.0032, 0.5003619194030762
500, 0.0032, 0.5003619194030762
500, 0.0032, 0.5003619194030762
500, 0.0032, 0.5003619194030762
500, 0.0032, 0.5003619194030762
500, 0.0032, 0.5003619194030762
500, 0.0032, 0.5003619194030762
500, 0.0032, 0.5003619194030762
500, 0.0032, 0.5003619194030762
500, 0.0032, 0.5003619194030762
500, 0.0032, 0.5003619194030762
500, 0.0032, 0.5003619194030762
500, 0.0032, 0.5003619194030762
500, 0.0032, 0.5003619194030762
500, 0.0032, 0.5003619194030762
500, 0.0032, 0.5003619194030762
500, 0.0032, 0.5003619194030762
500, 0.0032, 0.5003619194030762
500, 0.0032, 0.5003619194030762
500, 0.0032, 0.5003619194030762
500, 0.0032, 0.5003619194030762
500, 0.0032, 0.5003619194030762
500, 0.0032, 0.5003619194030762
500, 0.0032, 0.5003619194030762
500, 0.0032, 0.5003619194030762
500, 0.0032, 0.5003619194030762
500, 0.0032, 0.5003619194030762
500, 0.0032, 0.5003619194030762
500, 0.0032, 0.5003619194030762
500, 0.0032, 0.5003619194030762
500, 0.0032, 0.5003619194030762
500, 0.0032, 0.5003619194030762
500, 0.0032, 0.5003619194030762
500, 0.0032, 0.5003619194030762
500, 0.0032, 0.5003619194030762
500, 0.0032, 0.5003619194030762
500, 0.0032, 0.5003619194030762
500, 0.0032, 0.5003622174263
500, 0.0032, 0.5003619194030762
500, 0.0032, 0.5003619194030762
500, 0.0032, 0.5003619194030762
500, 0.0032, 0.5003619194030762
500, 0.0032, 0.5003619194030762
500, 0.0032, 0.5003619194030762
500, 0.0032, 0.5003619194030762
500, 0.0032, 0.5039721727371216
500, 0.0032, 0.5003619194030762
500, 0.0032, 0.5003619194030762
500, 0.0032, 0.5003619194030762
500, 0.0032, 0.5003619194030762
500, 0.0032, 0.5003619194030762
500, 0.0032, 0.5003619194030762
500, 0.0032, 0.5004304051399231
500, 0.0032, 0.5003619194030762
500, 0.0032, 0.5003619194030762
500, 0.0032, 0.5003619194030762
500, 0.0032, 0.5003619194030762
500, 0.0032, 0.5003619194030762
500, 0.0032, 0.5003619194030762
500, 0.0032, 0.5003619194030762
500, 0.0032, 0.5003619194030762
500, 0.0032, 0.5003619194030762
500, 0.0032, 0.5003619194030762
500, 0.0032, 0.5003619194030762
500, 0.0032, 0.5003619194030762
500, 0.0032, 0.5003619194030762
500, 0.0032, 0.5003619194030762
500, 0.0032, 0.5003619194030762
500, 0.0032, 0.5012527704238892
500, 0.0032, 0.5003619194030762
500, 0.0032, 0.5003619194030762
500, 0.0032, 0.5003619194030762
500, 0.0032, 0.5003619194030762
500, 0.0032, 0.5003619194030762
500, 0.0032, 0.5003619194030762
500, 0.0032, 0.5003619194030762
500, 0.0032, 0.5003619194030762
500, 0.0032, 0.5003619194030762
500, 0.0032, 0.5003619194030762
500, 0.0032, 0.5003619194030762
500, 0.0032, 0.5003619194030762
500, 0.0032, 0.5003619194030762
500, 0.0032, 0.5003619194030762
500, 0.0032, 0.5003619194030762
500, 0.0032, 0.5003619194030762
500, 0.0032, 0.5003619194030762
500, 0.0032, 0.5003619194030762
500, 0.0032, 0.5003619194030762
500, 0.0032, 0.5003619194030762
500, 0.0032, 0.5003619194030762
500, 0.0032, 0.5003619194030762
500, 0.0032, 0.5003619194030762
500, 0.0032, 0.5003619194030762
500, 0.0032, 0.5003619194030762
500, 0.0032, 0.5004082322120667
500, 0.0032, 0.5003619194030762
500, 0.0032, 0.5003619194030762
500, 0.0032, 0.5003619194030762
500, 0.0032, 0.5003619194030762
500, 0.0032, 0.5003619194030762
500, 0.0032, 0.5003619194030762
500, 0.0032, 0.5003619194030762
500, 0.0032, 0.5003619194030762
500, 0.0032, 0.5003616213798523
500, 0.0032, 0.5003619194030762
500, 0.0032, 0.5003619194030762
500, 0.0032, 0.5003619194030762
500, 0.0032, 0.5003619194030762
500, 0.0032, 0.5003619194030762
500, 0.0032, 0.5003619194030762
500, 0.0032, 0.5003619194030762
500, 0.0032, 0.5003619194030762
500, 0.0032, 0.5003619194030762
500, 0.0032, 0.5003619194030762
500, 0.0032, 0.5003619194030762
500, 0.0032, 0.5003619194030762
500, 0.0032, 0.5003619194030762
500, 0.0032, 0.5003619194030762
500, 0.0032, 0.5003619194030762
500, 0.0032, 0.5003619194030762
500, 0.0032, 0.5003619194030762
500, 0.0032, 0.5003619194030762
500, 0.0032, 0.5003619194030762
500, 0.0032, 0.5003619194030762
500, 0.0032, 0.5003619194030762
500, 0.0032, 0.5003619194030762
500, 0.0032, 0.5003619194030762
500, 0.0032, 0.5003619194030762
500, 0.0032, 0.5003619194030762
500, 0.0032, 0.5003619194030762
500, 0.0032, 0.5003619194030762
500, 0.0032, 0.5003619194030762
500, 0.0032, 0.5003619194030762
500, 0.0032, 0.5003619194030762
500, 0.0032, 0.5003619194030762
500, 0.0032, 0.5003619194030762
500, 0.0032, 0.5003619194030762
500, 0.0032, 0.5003619194030762
500, 0.0032, 0.5003619194030762
500, 0.0032, 0.5003619194030762
500, 0.0032, 0.5003619194030762
500, 0.0032, 0.5003619194030762
500, 0.0032, 0.5003619194030762
500, 0.0032, 0.5003619194030762
500, 0.0032, 0.5003619194030762
500, 0.0032, 0.5003619194030762
500, 0.0032, 0.5003619194030762
500, 0.0032, 0.5003619194030762
500, 0.0032, 0.5003619194030762
500, 0.0032, 0.5003619194030762
500, 0.0032, 0.5003619194030762
500, 0.0032, 0.5003619194030762
500, 0.0032, 0.5003619194030762
500, 0.0032, 0.5003619194030762
500, 0.0032, 0.5003619194030762
500, 0.0032, 0.5003619194030762
500, 0.0032, 0.5003619194030762
500, 0.0032, 0.5003619194030762
500, 0.0032, 0.5003619194030762
500, 0.0032, 0.5003619194030762
500, 0.0032, 0.5003619194030762
500, 0.0032, 0.5003619194030762
500, 0.0032, 0.5003619194030762
500, 0.0032, 0.5003619194030762
500, 0.0032, 0.5003619194030762
500, 0.0032, 0.5003619194030762
500, 0.0032, 0.5003619194030762
500, 0.0032, 0.5003619194030762
500, 0.0032, 0.5003619194030762
500, 0.0032, 0.5003619194030762
500, 0.0032, 0.5003619194030762
500, 0.0032, 0.5003619194030762
500, 0.0032, 0.5003619194030762
500, 0.0032, 0.5003610253334045
500, 0.0032, 0.5003619194030762
500, 0.0032, 0.5003619194030762
500, 0.0032, 0.5003619194030762
500, 0.0032, 0.5003619194030762
500, 0.0032, 0.5003619194030762
500, 0.0032, 0.5003619194030762
500, 0.0032, 0.5003619194030762
500, 0.0032, 0.5003619194030762
500, 0.0032, 0.5003619194030762
500, 0.0032, 0.5003619194030762
500, 0.0032, 0.5003619194030762
500, 0.0032, 0.5003619194030762
500, 0.0032, 0.5003619194030762
500, 0.0032, 0.5003619194030762
500, 0.0032, 0.5003619194030762
500, 0.0032, 0.5003619194030762
500, 0.0032, 0.5003619194030762
500, 0.0032, 0.5003619194030762
500, 0.0032, 0.5003619194030762
500, 0.0032, 0.5003619194030762
500, 0.0032, 0.5003619194030762
500, 0.0032, 0.5003619194030762
500, 0.0032, 0.5003619194030762
500, 0.0032, 0.5003619194030762
500, 0.0032, 0.5003619194030762
500, 0.0032, 0.5003619194030762
500, 0.0032, 0.5003619194030762
500, 0.0032, 0.5003619194030762
500, 0.0032, 0.5003619194030762
500, 0.0032, 0.5003619194030762
500, 0.0032, 0.5003619194030762
500, 0.0032, 0.5003619194030762
500, 0.0032, 0.5003619194030762
500, 0.0032, 0.5003619194030762
500, 0.0032, 0.5003619194030762
500, 0.0032, 0.5003734827041626
500, 0.0032, 0.5003619194030762
500, 0.0032, 0.5003619194030762
500, 0.0032, 0.5003619194030762
500, 0.0032, 0.5003611445426941
500, 0.0032, 0.5003619194030762
500, 0.0032, 0.5003619194030762
500, 0.0032, 0.5003619194030762
500, 0.0032, 0.5003619194030762
500, 0.0032, 0.5003619194030762
500, 0.0032, 0.5003619194030762
500, 0.0032, 0.5003619194030762
500, 0.0032, 0.5003619194030762
500, 0.0032, 0.5003619194030762
500, 0.0032, 0.5003619194030762
500, 0.0032, 0.5003619194030762
500, 0.0032, 0.5004385113716125
500, 0.0032, 0.5022820234298706
500, 0.0032, 0.5003619194030762
500, 0.0032, 0.5003619194030762
500, 0.0032, 0.5003619194030762
500, 0.0032, 0.5003620386123657
500, 0.0032, 0.5003619194030762
500, 0.0032, 0.5003619194030762
500, 0.0032, 0.5003619194030762
500, 0.0032, 0.5003619194030762
500, 0.0032, 0.5003619194030762
500, 0.0032, 0.5003619194030762
500, 0.0032, 0.5003619194030762
500, 0.0032, 0.5003619194030762
500, 0.0032, 0.5003619194030762
500, 0.0032, 0.5003619194030762
500, 0.0032, 0.5003619194030762
500, 0.0032, 0.5003619194030762
500, 0.0032, 0.5003619194030762
500, 0.0032, 0.5003619194030762
500, 0.0032, 0.5003619194030762
500, 0.0032, 0.5003619194030762
500, 0.0032, 0.5003618001937866
500, 0.0032, 0.5011231899261475
500, 0.0032, 0.5003619194030762
500, 0.0032, 0.5003619194030762
500, 0.0032, 0.5003619194030762
500, 0.0032, 0.5003619194030762
500, 0.0032, 0.5003619194030762
500, 0.0032, 0.5003619194030762
500, 0.0032, 0.5003619194030762
500, 0.0032, 0.5003619194030762
500, 0.0032, 0.5003619194030762
500, 0.0032, 0.5003619194030762
500, 0.0032, 0.5003619194030762
500, 0.0032, 0.5003619194030762
500, 0.0032, 0.5003619194030762
500, 0.0032, 0.5003619194030762
500, 0.0032, 0.5003619194030762
500, 0.0032, 0.5003619194030762
500, 0.0032, 0.5003619194030762
500, 0.0032, 0.5003619194030762
500, 0.0032, 0.5003619194030762
500, 0.0032, 0.5003619194030762
500, 0.0032, 0.5003619194030762
500, 0.0032, 0.5003619194030762
500, 0.0032, 0.5003619194030762
500, 0.0032, 0.5003619194030762
500, 0.0032, 0.5003619194030762
500, 0.0032, 0.5003619194030762
500, 0.0032, 0.5003619194030762
500, 0.0032, 0.5003619194030762
500, 0.0032, 0.5003619194030762
500, 0.0032, 0.5003619194030762
500, 0.0032, 0.5003619194030762
500, 0.0032, 0.5003619194030762
500, 0.0032, 0.5003619194030762
500, 0.0032, 0.5003619194030762
500, 0.0032, 0.5003619194030762
500, 0.0032, 0.5003619194030762
500, 0.0032, 0.5003619194030762
500, 0.0032, 0.5003619194030762
500, 0.0032, 0.5003619194030762
500, 0.0032, 0.5003619194030762
500, 0.0032, 0.5003619194030762
500, 0.0032, 0.5003619194030762
500, 0.0032, 0.5003619194030762
500, 0.0032, 0.5003619194030762
500, 0.0032, 0.5003619194030762
500, 0.0032, 0.5003619194030762
500, 0.0032, 0.5003619194030762
500, 0.0032, 0.5003619194030762
500, 0.0032, 0.5003619194030762
500, 0.0032, 0.5003619194030762
500, 0.0032, 0.5003619194030762
500, 0.0032, 0.5003619194030762
500, 0.0032, 0.5003619194030762
500, 0.0032, 0.5003619194030762
500, 0.0032, 0.5003619194030762
500, 0.0032, 0.5003619194030762
500, 0.0032, 0.5037542581558228
500, 0.0032, 0.5003619194030762
500, 0.0032, 0.5003619194030762
500, 0.0032, 0.5003619194030762
500, 0.0032, 0.5003619194030762
500, 0.0032, 0.5003619194030762
500, 0.0032, 0.5003619194030762
500, 0.0032, 0.5003619194030762
500, 0.0032, 0.5003619194030762
500, 0.0032, 0.500361979007721